8099,1,1,400,6.6936,11.708,31.348,4.6516,47.349,19.377,401.51,5,11.126,1,20,1,5
8099,2,2,397.99,6.1125,11.064,31.725,5.142,47.899,20.108,401.78,5,11.136,1,20,1,1
8099,3,3,395.99,6.6709,11.552,31.529,5.1293,47.895,19.291,401.95,5,11.904,1,20,1,3
8099,4,4,393.98,6.4806,11.175,31.987,4.8212,48.13,19.96,401.75,5,11.117,1,20,1,2
8099,5,5,391.98,6.0587,11.214,31.587,4.3394,47.837,19.546,401.05,5,11.705,1,20,1,5
8099,6,6,389.97,6.5532,11.714,31.019,4.5757,48.049,19.329,401.85,5,11.632,1,20,1,2
8099,7,7,387.97,6.6628,11.825,31.258,4.9135,47.466,19.742,401.85,5,11.388,1,20,1,4
8099,8,8,385.96,6.1812,11.993,31.409,4.3987,47.318,20.066,401.99,5,11.087,1,20,1,2
8099,9,9,383.96,6.1622,11.143,31.743,4.7639,47.299,19.944,401.99,5,11.919,1,20,1,5
8099,10,10,381.95,6.9602,11.867,31.455,4.7508,47.831,20.109,401.03,5,11.705,1,20,1,4
8099,11,11,379.95,6.305,11.075,31.205,4.6636,48.19,20.158,401.34,5,11.716,1,20,1,4
8099,12,12,377.94,6.2956,11.785,31.275,5.0634,47.596,19.876,401.36,5,11.548,1,20,1,4
8099,13,13,375.94,6.6846,11.723,31.739,4.7054,47.819,20.186,401.72,5,11.692,1,20,1,1
8099,14,14,373.93,6.6633,11.268,31.798,5.1605,48.198,19.999,401.54,5,11.561,1,20,1,3
8099,15,15,371.93,6.7034,11.441,31.218,5.2899,47.44,20.081,401.04,5,11.267,1,20,1,5
8099,16,16,369.92,6.846,11.879,31.568,4.8562,47.506,19.766,401.65,5,11.169,1,20,1,1
8099,17,17,367.92,6.8941,11.511,31.832,4.801,47.962,19.31,401.82,5,11.726,1,20,1,5
8099,18,18,365.91,6.8365,11.356,31.583,4.4471,47.837,20.003,401.57,5,11.162,1,20,1,3
8099,19,19,363.91,6.0323,11.662,31.29,4.6196,47.798,19.909,401.39,5,11.885,1,20,1,4
8099,20,20,361.9,6.8736,11.902,31.881,5.2511,47.834,20.168,401.49,5,11.484,1,20,1,3
8099,21,21,359.9,6.297,11.997,31.499,4.3824,47.597,19.562,401.76,5,11.933,1,20,1,4
8099,22,22,357.89,6.9565,11.395,31.659,5.2002,48.076,20.205,401.53,5,11.541,1,20,1,5
8099,23,23,355.89,6.9583,11.187,31.035,4.3825,47.888,19.724,401.06,5,11.62,1,20,1,1
8099,24,24,353.88,6.7146,11.697,31.933,4.8034,48.155,20.196,401.28,5,11.009,1,20,1,2
8099,25,25,351.88,6.6093,11.063,31.174,5.0026,47.599,19.816,401.51,5,11.847,1,20,1,3
8099,26,26,349.87,6.4139,11.249,31.21,5.0841,47.905,20.138,401.67,5,11.925,1,20,1,4
8099,27,27,347.87,6.2651,11.32,31.506,4.7148,47.308,20.11,401.24,5,11.425,1,20,1,3
8099,28,28,345.86,6.2799,11.086,31.868,5.0079,47.707,19.824,401.4,5,11.626,1,20,1,3
8099,29,29,343.86,6.0302,11.626,31.262,4.7571,47.25,20.222,401.84,5,11.096,1,20,1,2
8099,30,30,341.85,6.3043,11.173,31.246,4.6707,47.922,19.926,401.42,5,11.879,1,20,1,2
8099,31,31,339.85,6.676,11.005,31.847,5.009,47.854,19.59,401.73,5,11.169,1,20,1,5
8099,32,32,337.84,6.356,11.216,31.193,4.9067,47.271,19.735,401.04,5,11.011,1,20,1,5
8099,33,33,335.84,6.1172,11.323,31.57,4.3594,47.661,19.965,401.38,5,11.464,1,20,1,2
8099,34,34,333.83,6.942,11.745,31.602,4.4112,47.888,20.082,401.05,5,11.838,1,20,1,5
8099,35,35,331.83,6.8312,11.744,31.656,4.4068,48.125,19.903,401.29,5,11.731,1,20,1,5
8099,36,36,329.82,6.4549,11.214,31.283,5.093,48.194,19.329,401.84,5,11.194,1,20,1,5
8099,37,37,327.82,6.4179,11.776,31.128,4.4452,47.6,19.402,401.5,5,11.197,1,20,1,4
8099,38,38,325.81,6.4637,11.388,31.705,4.7058,47.27,19.978,401.74,5,11.219,1,20,1,5
8099,39,39,323.81,6.3975,11.344,31.802,4.8967,47.542,20.043,401.31,5,11.113,1,20,1,2
8099,40,40,321.8,6.5601,11.336,31.069,4.3488,47.605,20.027,401.14,5,11.909,1,20,1,1
8099,41,41,319.8,6.7885,11.829,31.08,5.1832,47.979,19.398,401.18,5,11.207,1,20,1,1
8099,42,42,317.79,6.0512,11.331,31.57,4.828,47.768,19.656,401.4,5,11.447,1,20,1,5
8099,43,43,315.79,6.0063,11.121,31.117,4.6402,47.69,19.242,401.6,5,11.38,1,20,1,3
8099,44,44,313.78,6.2884,11.264,31.475,5.0215,48.091,19.258,401.29,5,11.96,1,20,1,2
8099,45,45,311.78,6.6772,11.447,31.263,5.0508,48.027,19.757,401.55,5,11.68,1,20,1,5
8099,46,46,309.77,6.7203,11.991,31.911,5.0341,47.739,19.983,401.86,5,11.294,1,20,1,1
8099,47,47,307.77,6.6504,11.315,31.947,4.9002,47.744,20.034,401.39,5,11.413,1,20,1,2
8099,48,48,305.76,6.659,11.623,31.223,4.8506,47.398,19.827,401.12,5,11.696,1,20,1,5
8099,49,49,303.76,6.9979,11.077,31.63,4.3797,47.298,20.079,401.7,5,11.497,1,20,1,3
8099,50,50,301.75,6.9023,11.472,31.987,4.313,48.168,19.327,401.4,5,11.401,1,20,1,2
8099,51,51,299.75,6.5515,11.66,31.676,4.8285,47.571,19.731,401.64,5,11.849,1,20,1,1
8099,52,52,297.74,6.514,11.415,31.079,4.9703,47.78,19.338,401.98,5,11.612,1,20,1,2
8099,53,53,295.74,6.2391,11.036,31.611,5.1708,47.841,19.481,401.18,5,11.742,1,20,1,4
8099,54,54,293.73,6.3522,11.695,31.901,4.3853,48.061,19.516,401.17,5,11.096,1,20,1,4
8099,55,55,291.73,6.0016,11.933,31.197,5.1367,47.588,19.557,401.13,5,11.369,1,20,1,2
8099,56,56,289.72,6.876,11.475,31.94,4.5827,47.729,19.308,401.18,5,11.076,1,20,1,4
8099,57,57,287.72,6.9579,11.764,31.552,5.0502,47.854,19.586,401.49,5,11.939,1,20,1,4
8099,58,58,285.71,6.9758,11.959,31.578,5.1974,48.037,19.235,401.67,5,11.673,1,20,1,2
8099,59,59,283.71,6.9694,11.473,31.466,4.6982,47.309,19.949,401.3,5,11.901,1,20,1,5
8099,60,60,281.7,6.8354,11.833,31.33,4.9417,47.625,19.419,401.55,5,11.266,1,20,1,5
8099,61,61,279.7,6.9521,11.467,31.71,5.0969,47.294,19.277,401.04,5,11.288,1,20,1,2
8099,62,62,277.69,6.5072,11.507,31.529,5.0232,47.655,20.031,401.36,5,11.878,1,20,1,3
8099,63,63,275.69,6.7942,11.741,31.011,4.7764,47.888,19.946,401.54,5,11.641,1,20,1,3
8099,64,64,273.68,6.0861,11.629,31.517,4.6999,47.547,19.519,401.36,5,11.105,1,20,1,5
8099,65,65,271.68,6.294,11.699,31.088,4.3599,48.203,19.986,401.37,5,11.196,1,20,1,5
8099,66,66,269.67,6.219,11.147,31.746,4.8396,47.781,19.437,401.13,5,11.746,1,20,1,5
8099,67,67,267.67,6.3404,11.943,31.71,4.4261,47.314,19.466,401.22,5,11.549,1,20,1,5
8099,68,68,265.66,6.7216,11.456,31.069,5.0862,48.204,19.511,401.55,5,11.629,1,20,1,4
8099,69,69,263.66,6.8042,11.364,31.23,4.8705,47.545,20.113,401.36,5,11.755,1,20,1,3
8099,70,70,261.65,6.4754,11.791,31.367,5.2914,47.238,19.985,401.75,5,11.486,1,20,1,1
8099,71,71,259.65,6.7851,11.112,31.168,4.6407,48.078,20.082,401.99,5,11.673,1,20,1,1
8099,72,72,257.64,6.519,11.407,31.503,4.939,47.349,20.22,401.51,5,11.113,1,20,1,2
8099,73,73,255.64,6.4249,11.075,31.822,4.8736,48.208,19.622,401.44,5,11.37,1,20,1,1
8099,74,74,253.63,6.2439,11.4,31.448,5.2138,47.258,19.719,401.54,5,11.443,1,20,1,4
8099,75,75,251.63,6.5303,11.165,31.889,5.2548,47.777,19.752,401.58,5,11.73,1,20,1,1
8099,76,76,249.62,6.7577,11.829,31.826,5.1679,47.724,20.196,401.26,5,11.513,1,20,1,5
8099,77,77,247.62,6.6235,11.926,31.783,5.1776,48.173,20.112,401.4,5,11.026,1,20,1,5
8099,78,78,245.61,6.1296,11.123,31.805,4.6511,48.109,19.737,401.98,5,11.405,1,20,1,1
8099,79,79,243.61,6.0017,11.767,31.883,4.9822,47.383,20.193,401.98,5,11.32,1,20,1,4
8099,80,80,241.6,6.534,11.771,31.738,5.2887,47.294,19.98,401.15,5,11.427,1,20,1,1
8099,81,81,239.6,6.2907,11.809,31.785,5.1181,48.111,19.5,401.85,5,11.833,1,20,1,2
8099,82,82,237.59,6.252,11.34,31.623,4.9345,48.1,20.189,401.62,5,11.259,1,20,1,5
8099,83,83,235.59,6.4825,11.711,31.685,4.4777,48.16,20.015,401.62,5,11.077,1,20,1,1
8099,84,84,233.58,6.9793,11.555,31.294,4.8862,47.304,19.96,401.73,5,11.318,1,20,1,2
8099,85,85,231.58,6.997,11.049,31.851,4.8744,47.724,19.851,401.22,5,11.796,1,20,1,1
8099,86,86,229.57,6.9109,11.286,31.389,4.7409,48.11,20.035,401.28,5,11.324,1,20,1,1
8099,87,87,227.57,6.9299,11.809,31.678,4.6636,47.233,19.847,401.41,5,11.349,1,20,1,5
8099,88,88,225.56,6.9045,11.719,31.804,4.8506,47.34,19.369,401.41,5,11.201,1,20,1,4
8099,89,89,223.56,6.5947,11.027,31.205,5.0855,47.754,19.494,401.84,5,11.563,1,20,1,2
8099,90,90,221.55,6.9236,11.823,31.493,5.2519,48.076,20.044,401.67,5,11.071,1,20,1,4
8099,91,91,219.55,6.2943,11.672,31.944,5.0164,47.528,19.679,401.12,5,11.082,1,20,1,3
8099,92,92,217.54,6.8297,11.159,31.153,4.6228,48.05,19.569,401.51,5,11.306,1,20,1,5
8099,93,93,215.54,6.9907,11.842,31.49,4.3047,47.63,20.059,401.75,5,11.1,1,20,1,4
8099,94,94,213.53,6.7416,11.071,31.492,4.7054,47.647,20.113,401.01,5,11.266,1,20,1,4
8099,95,95,211.53,6.4861,11.813,31.732,5.1444,47.864,19.387,401.58,5,11.876,1,20,1,3
8099,96,96,209.52,6.29,11.528,31.486,4.3258,47.326,19.301,401.8,5,11.352,1,20,1,3
8099,97,97,207.52,6.1801,11.873,31.258,4.7994,47.492,19.232,401.37,5,11.351,1,20,1,4
8099,98,98,205.51,6.0378,11.363,31.153,5.008,47.594,20.212,401.25,5,11.777,1,20,1,5
8099,99,99,203.51,6.139,11.733,31.344,4.8727,48.186,20.182,401.8,5,11.705,1,20,1,2
8099,100,100,201.5,6.0108,11.063,31.018,5.0421,47.396,19.743,401.3,5,11.78,1,20,1,1
8099,101,101,199.5,6.7453,11.931,31.332,4.3013,48.021,20.148,401.64,5,11.301,1,20,1,1
8099,102,102,197.49,6.7424,11.796,31.925,4.553,47.357,19.987,401.57,5,11.84,1,20,1,3
8099,103,103,195.49,6.7443,11.636,31.446,4.5111,47.729,19.369,401.79,5,11.208,1,20,1,1
8099,104,104,193.48,6.1212,11.581,31.351,4.8469,48.175,19.367,401.34,5,11.397,1,20,1,1
8099,105,105,191.48,6.6976,11.387,31.88,4.4339,47.384,19.918,401.68,5,11.777,1,20,1,2
8099,106,106,189.47,6.1396,11.157,31.821,4.9187,47.729,19.829,401.74,5,11.313,1,20,1,5
8099,107,107,187.47,6.1046,11.408,31.887,5.1479,48.136,19.918,401.63,5,11.089,1,20,1,5
8099,108,108,185.46,6.9606,11.051,31.001,4.4654,47.475,19.389,401.7,5,11.139,1,20,1,1
8099,109,109,183.46,6.2192,11.82,31.574,4.8106,47.416,20.187,401.96,5,11.976,1,20,1,1
8099,110,110,181.45,6.6536,11.67,31.43,5.21,47.774,19.913,401.72,5,11.49,1,20,1,1
8099,111,111,179.45,6.5482,11.691,31.942,5.0792,47.657,20.204,401.5,5,11.659,1,20,1,2
8099,112,112,177.44,6.1975,11.357,31.537,4.5404,48.123,20.049,401.24,5,11.489,1,20,1,1
8099,113,113,175.44,6.7792,11.56,31.116,4.9308,47.825,19.716,401.25,5,11.007,1,20,1,2
8099,114,114,173.43,6.8464,11.467,31.044,4.5841,48.181,20.105,401.16,5,11.575,1,20,1,1
8099,115,115,171.43,6.2048,11.436,31.225,4.4904,47.297,20.057,401.91,5,11.504,1,20,1,1
8099,116,116,169.42,6.353,11.225,31.43,4.3806,47.7,19.871,402,5,11.257,1,20,1,3
8099,117,117,167.42,6.8415,11.692,31.948,4.8385,48.101,19.611,401.43,5,11.532,1,20,1,5
8099,118,118,165.41,6.8623,11.528,31.651,4.9721,48.105,19.855,401.12,5,11.797,1,20,1,5
8099,119,119,163.41,6.4696,11.171,31.393,5.1533,47.837,20.14,401.85,5,11.948,1,20,1,4
8099,120,120,161.4,6.6262,11.416,31.183,4.7575,47.805,19.861,401.99,5,11.911,1,20,1,5
8099,121,121,159.4,6.5822,11.711,31.736,4.7544,48.089,20.214,401.79,5,11.778,1,20,1,4
8099,122,122,157.39,6.1404,11.597,31.008,5.2658,47.549,19.931,401.09,5,11.732,1,20,1,2
8099,123,123,155.39,6.6653,11.383,31.443,4.9438,47.469,19.347,401.33,5,11.935,1,20,1,2
8099,124,124,153.38,6.6196,11.041,31.588,4.3688,47.973,19.408,401.56,5,11.593,1,20,1,5
8099,125,125,151.38,6.9667,11.829,31.094,4.9843,47.385,19.447,401.85,5,11.386,1,20,1,3
8099,126,126,149.37,6.8532,11.54,31.965,4.6012,47.332,20.226,401.33,5,11.324,1,20,1,4
8099,127,127,147.37,6.002,11.711,31.844,5.0647,47.96,20.175,401.35,5,11.04,1,20,1,2
8099,128,128,145.36,6.3575,11.955,31.104,4.4466,47.542,19.938,401.51,5,11.057,1,20,1,4
8099,129,129,143.36,6.0978,11.68,31.158,4.7197,47.562,19.983,401.09,5,11.243,1,20,1,5
8099,130,130,141.35,6.8376,11.119,31.227,5.1564,47.672,19.913,401.42,5,11.681,1,20,1,3
8099,131,131,139.35,6.499,11.6,31.552,4.5115,47.55,19.926,401.75,5,11.886,1,20,1,1
8099,132,132,137.34,6.4828,11.191,31.97,4.9434,47.256,20.093,401.43,5,11.142,1,20,1,5
8099,133,133,135.34,6.5065,11.727,31.115,4.5736,47.236,19.583,401.78,5,11.21,1,20,1,4
8099,134,134,133.33,6.5381,11.957,31.285,4.9111,47.883,19.636,401.74,5,11.626,1,20,1,1
8099,135,135,131.33,6.4368,11.385,31.727,5.1989,47.301,19.556,401.48,5,11.871,1,20,1,2
8099,136,136,129.32,6.1821,11.308,31.439,4.7207,48.215,20.169,401.87,5,11.679,1,20,1,1
8099,137,137,127.32,6.0953,11.235,31.76,4.5301,47.673,19.275,401.47,5,11.338,1,20,1,4
8099,138,138,125.31,6.5321,11.169,31.808,5.2394,47.823,19.727,401.2,5,11.058,1,20,1,5
8099,139,139,123.31,6.2569,11.349,31.963,4.9519,47.535,19.585,401.24,5,11.938,1,20,1,4
8099,140,140,121.3,6.9064,11.357,31.375,5.1165,48.227,19.566,401.15,5,11.771,1,20,1,1
8099,141,141,119.3,6.6865,11.631,31.77,4.8603,48.006,19.532,401.04,5,11.213,1,20,1,3
8099,142,142,117.29,6.1679,11.525,31.499,4.805,47.727,20.081,401.38,5,11.871,1,20,1,4
8099,143,143,115.29,6.6293,11.559,31.974,4.5425,48.129,19.323,401.51,5,11.5,1,20,1,3
8099,144,144,113.28,6.4225,11.258,31.149,4.3548,47.596,19.525,401.67,5,11.648,1,20,1,1
8099,145,145,111.28,6.6839,11.908,31.947,5.08,47.875,19.773,401.78,5,11.953,1,20,1,5
8099,146,146,109.27,6.9821,11.864,31.606,5.1186,47.237,20.215,401.53,5,11.368,1,20,1,1
8099,147,147,107.27,6.7305,11.639,31.888,4.7355,48.009,19.284,401.87,5,11.612,1,20,1,1
8099,148,148,105.26,6.5413,11.33,31.362,4.4279,48.079,19.773,401.31,5,11.057,1,20,1,2
8099,149,149,103.26,6.4866,11.117,31.553,5.2469,47.762,19.834,401.22,5,11.63,1,20,1,5
8099,150,150,101.25,6.6212,11.404,31.542,4.5677,47.873,19.727,401.47,5,11.176,1,20,1,4
8099,151,151,99.246,6.4759,11.005,31.099,5.2257,47.513,19.956,401.11,5,11.722,1,20,1,4
8099,152,152,97.241,6.789,11.845,31.486,5.0128,47.244,19.911,401.81,5,11.592,1,20,1,1
8099,153,153,95.236,6.2408,11.001,31.061,4.3082,48.141,19.583,401.24,5,11.148,1,20,1,5
8099,154,154,93.231,6.1104,11.152,31.032,4.6449,47.549,20.19,401.23,5,11.843,1,20,1,4
8099,155,155,91.226,6.6683,11.515,31.148,5.1183,48.052,20.128,401.78,5,11.628,1,20,1,5
8099,156,156,89.221,6.0603,11.373,31.879,4.6404,47.923,19.42,401.16,5,11.423,1,20,1,5
8099,157,157,87.216,6.6225,11.107,31.436,4.3558,47.263,19.764,401.34,5,11.97,1,20,1,1
8099,158,158,85.211,6.2782,11.694,31.337,5.0287,47.917,19.987,401.74,5,11.125,1,20,1,1
8099,159,159,83.206,6.2755,11.654,31.547,4.9189,48.127,19.97,401.52,5,11.82,1,20,1,4
8099,160,160,81.201,6.45,11.596,31.682,4.978,47.828,19.568,401.36,5,11.461,1,20,1,4
8099,161,161,79.196,6.8721,11.285,31.839,4.8132,48.096,20.163,401.45,5,11.927,1,20,1,1
8099,162,162,77.191,6.9655,11.667,31.714,5.0475,48.219,19.933,401.76,5,11.786,1,20,1,4
8099,163,163,75.186,6.9221,11.064,31.206,5.2778,47.479,19.652,401.54,5,11.947,1,20,1,2
8099,164,164,73.181,6.5407,11.512,31.18,4.7428,47.448,20.004,401.69,5,11.891,1,20,1,4
8099,165,165,71.176,6.573,11.668,31.812,5.2399,47.824,19.275,401.38,5,11.806,1,20,1,3
8099,166,166,69.171,6.9058,11.842,31.373,5.0827,47.781,19.27,401.89,5,11.579,1,20,1,5
8099,167,167,67.166,6.5479,11.355,31.48,5.2099,47.25,19.231,401.66,5,11.461,1,20,1,2
8099,168,168,65.161,6.6466,11.786,31.736,5.0717,47.76,20.216,401.02,5,11.626,1,20,1,5
8099,169,169,63.156,6.1617,11.746,31.889,5.2164,47.542,19.882,401.88,5,11.486,1,20,1,2
8099,170,170,61.151,6.3229,11.847,31.227,5.2993,47.732,20.185,401.04,5,11.483,1,20,1,3
8099,171,171,59.146,6.7452,11.612,31.324,4.9369,47.423,19.356,401.68,5,11.775,1,20,1,3
8099,172,172,57.141,6.742,11.734,31.016,5.1129,47.762,20.136,401.31,5,11.385,1,20,1,1
8099,173,173,55.136,6.9953,11.781,31.682,4.8077,47.878,19.916,401.03,5,11.066,1,20,1,5
8099,174,174,53.131,6.5891,11.129,31.26,4.8805,47.417,19.287,401.06,5,11.911,1,20,1,4
8099,175,175,51.126,6.1131,11.562,31.243,4.9217,48.088,19.352,401.83,5,11.56,1,20,1,3
8099,176,176,49.121,6.6009,11.732,31.968,4.417,48.039,19.278,401.45,5,11.269,1,20,1,4
8099,177,177,47.116,6.2018,11.702,31.266,4.7916,47.8,19.535,401.57,5,11.414,1,20,1,1
8099,178,178,45.111,6.2819,11.726,31.147,5.1599,47.694,19.501,401.86,5,11.439,1,20,1,1
8099,179,179,43.106,6.3163,11.925,31.422,4.8976,48.125,20.021,401.8,5,11.402,1,20,1,3
8099,180,180,41.101,6.6477,11.082,31.447,4.8038,47.323,19.273,401.79,5,11.557,1,20,1,5
8099,181,181,39.095,6.7843,11.957,31.788,5.2181,47.34,20.134,401.15,5,11.495,1,20,1,4
8099,182,182,37.09,6.2102,11.254,31.927,4.6087,48.04,20.147,401.19,5,11.034,1,20,1,1
8099,183,183,35.085,6.5401,11.174,31.253,4.3372,48.065,20.198,401.87,5,11.889,1,20,1,1
8099,184,184,33.08,6.7771,11.113,31.34,5.2324,47.334,19.721,401.47,5,11.835,1,20,1,3
8099,185,185,31.075,6.1156,11.283,31.627,4.8592,48.078,19.3,401.27,5,11.514,1,20,1,2
8099,186,186,29.07,6.2666,11.309,31.866,4.3095,47.906,19.347,401.15,5,11.871,1,20,1,2
8099,187,187,27.065,6.8929,11.862,31.385,4.7077,48.08,19.432,401.63,5,11.869,1,20,1,4
8099,188,188,25.06,6.5773,11.966,31.608,4.3536,48.062,20.055,401.92,5,11.165,1,20,1,3
8099,189,189,23.055,6.1594,11.132,31.072,4.6898,48.198,19.675,401.3,5,11.101,1,20,1,4
8099,190,190,21.05,6.8513,11.474,31,4.5411,48.193,19.39,401.48,5,11.067,1,20,1,5
8099,191,191,19.045,6.0501,11.61,31.607,4.5766,47.935,20.2,401.04,5,11.674,1,20,1,2
8099,192,192,17.04,6.5038,11.624,31.92,4.7286,47.982,19.839,401.39,5,11.468,1,20,1,5
8099,193,193,15.035,6.4627,11.166,31.185,4.8309,48.14,19.837,401.09,5,11.17,1,20,1,3
8099,194,194,13.03,6.6291,11.607,31.138,4.6645,47.32,19.373,401.53,5,11.247,1,20,1,2
8099,195,195,11.025,6.6171,11.885,31.396,5.1089,47.262,20.178,401.36,5,11.097,1,20,1,2
8099,196,196,9.0201,6.0862,11.17,31.085,4.8808,47.307,19.539,401.71,5,11.914,1,20,1,1
8099,197,197,7.0151,6.9387,11.637,31.777,5.1181,47.855,20.003,401.67,5,11.859,1,20,1,3
8099,198,198,5.0101,6.7717,11.06,31.331,4.4729,48.102,19.313,401.88,5,11.998,1,20,1,5
8099,199,199,3.005,6.6696,11.847,31.346,4.8406,47.605,20.155,402,5,11.185,1,20,1,4
8099,200,200,1,6.8206,11.462,31.505,4.7018,47.892,19.354,401.37,5,11.286,1,20,1,2
